              precision    recall  f1-score   support

           0       0.00      0.00      0.00         3
           1       0.00      0.00      0.00         3
           2       0.00      0.00      0.00         3
           3       0.33      0.33      0.33         3
           4       0.00      0.00      0.00         3
           5       0.00      0.00      0.00         3
           6       0.00      0.00      0.00         3
           7       0.00      0.00      0.00         3
           8       0.33      0.33      0.33         3
           9       0.33      0.33      0.33         3
          10       0.00      0.00      0.00         3
          11       0.00      0.00      0.00         3
          12       0.25      0.33      0.29         3
          13       0.33      0.33      0.33         3
          14       0.00      0.00      0.00         3

   micro avg       0.11      0.11      0.11        45
   macro avg       0.11      0.11      0.11        45
weighted avg       0.11      0.11      0.11        45
