              precision    recall  f1-score   support

           0       0.00      0.00      0.00         0
           1       0.75      0.75      0.75         4
           2       1.00      0.67      0.80         3
           3       1.00      0.50      0.67         2
           4       0.67      0.67      0.67         3
           5       0.00      0.00      0.00         0
           6       0.00      0.00      0.00         1
           7       0.00      0.00      0.00         1
           8       0.00      0.00      0.00         0
           9       0.00      0.00      0.00         0
          10       0.33      1.00      0.50         1
          11       0.67      0.40      0.50         5
          12       1.00      1.00      1.00         4
          13       1.00      1.00      1.00         3
          14       0.75      1.00      0.86         3

   micro avg       0.70      0.70      0.70        30
   macro avg       0.48      0.47      0.45        30
weighted avg       0.76      0.70      0.71        30
