              precision    recall  f1-score   support

           0       0.33      0.50      0.40         2
           1       0.00      0.00      0.00         2
           2       0.00      0.00      0.00         2
           3       1.00      1.00      1.00         2
           4       0.00      0.00      0.00         2
           5       0.00      0.00      0.00         2
           6       0.00      0.00      0.00         2
           7       1.00      0.50      0.67         2
           8       0.00      0.00      0.00         2
           9       1.00      0.50      0.67         2
          10       1.00      1.00      1.00         2
          11       0.33      1.00      0.50         2
          12       0.00      0.00      0.00         2
          13       0.00      0.00      0.00         2
          14       0.00      0.00      0.00         2

   micro avg       0.30      0.30      0.30        30
   macro avg       0.31      0.30      0.28        30
weighted avg       0.31      0.30      0.28        30
