              precision    recall  f1-score   support

           0       0.00      0.00      0.00         3
           1       0.00      0.00      0.00         3
           2       0.00      0.00      0.00         3
           3       0.00      0.00      0.00         3
           4       0.00      0.00      0.00         3
           5       0.00      0.00      0.00         3
           6       0.00      0.00      0.00         3
           7       0.00      0.00      0.00         3
           8       0.00      0.00      0.00         3
           9       0.00      0.00      0.00         3
          10       1.00      1.00      1.00         3
          11       1.00      0.33      0.50         3
          12       0.00      0.00      0.00         3
          13       0.00      0.00      0.00         3
          14       0.00      0.00      0.00         3

   micro avg       0.09      0.09      0.09        45
   macro avg       0.13      0.09      0.10        45
weighted avg       0.13      0.09      0.10        45
