              precision    recall  f1-score   support

           0       1.00      1.00      1.00         1
           1       1.00      1.00      1.00         3
           2       0.00      0.00      0.00         0
           3       0.60      0.75      0.67         4
           4       0.33      0.50      0.40         2
           5       0.00      0.00      0.00         0
           6       0.00      0.00      0.00         1
           7       0.80      1.00      0.89         4
           8       1.00      1.00      1.00         3
           9       1.00      1.00      1.00         1
          10       0.00      0.00      0.00         3
          11       1.00      0.67      0.80         3
          12       1.00      1.00      1.00         2
          13       1.00      0.67      0.80         3
          14       0.00      0.00      0.00         0

   micro avg       0.73      0.73      0.73        30
   macro avg       0.58      0.57      0.57        30
weighted avg       0.74      0.73      0.73        30
