              precision    recall  f1-score   support

           0       0.00      0.00      0.00         2
           1       0.00      0.00      0.00         2
           2       0.50      0.50      0.50         2
           3       1.00      0.50      0.67         2
           4       0.33      0.50      0.40         2
           5       0.50      0.50      0.50         2
           6       1.00      0.50      0.67         2
           7       0.25      0.50      0.33         2
           8       1.00      0.50      0.67         2
           9       0.00      0.00      0.00         2
          10       0.50      0.50      0.50         2
          11       0.33      0.50      0.40         2
          12       0.00      0.00      0.00         2
          13       0.00      0.00      0.00         2
          14       0.20      0.50      0.29         2

   micro avg       0.33      0.33      0.33        30
   macro avg       0.37      0.33      0.33        30
weighted avg       0.37      0.33      0.33        30
