              precision    recall  f1-score   support

           0       0.00      0.00      0.00         2
           1       0.00      0.00      0.00         2
           2       0.67      1.00      0.80         2
           3       0.00      0.00      0.00         2
           4       1.00      1.00      1.00         2
           5       0.00      0.00      0.00         2
           6       1.00      1.00      1.00         2
           7       0.00      0.00      0.00         2
           8       1.00      1.00      1.00         2
           9       0.50      0.50      0.50         2
          10       1.00      1.00      1.00         2
          11       1.00      1.00      1.00         2
          12       0.20      0.50      0.29         2
          13       0.00      0.00      0.00         2
          14       0.00      0.00      0.00         2

   micro avg       0.47      0.47      0.47        30
   macro avg       0.42      0.47      0.44        30
weighted avg       0.42      0.47      0.44        30
