              precision    recall  f1-score   support

           0       0.00      0.00      0.00         0
           1       0.00      0.00      0.00         0
           2       1.00      1.00      1.00         1
           3       0.57      0.80      0.67         5
           4       1.00      1.00      1.00         1
           5       0.00      0.00      0.00         0
           6       1.00      0.50      0.67         4
           7       1.00      1.00      1.00         2
           8       1.00      0.50      0.67         2
           9       0.50      0.67      0.57         3
          10       0.00      0.00      0.00         0
          11       0.00      0.00      0.00         0
          12       1.00      0.25      0.40         4
          13       1.00      0.50      0.67         4
          14       1.00      1.00      1.00         4

   micro avg       0.67      0.67      0.67        30
   macro avg       0.60      0.48      0.51        30
weighted avg       0.88      0.67      0.71        30
