              precision    recall  f1-score   support

           0       0.00      0.00      0.00         1
           1       0.00      0.00      0.00         1
           2       1.00      1.00      1.00         1
           3       0.00      0.00      0.00         1
           4       0.00      0.00      0.00         1
           5       0.50      1.00      0.67         1
           6       1.00      1.00      1.00         1
           7       0.00      0.00      0.00         1
           8       1.00      1.00      1.00         1
           9       1.00      1.00      1.00         1
          10       0.00      0.00      0.00         1
          11       0.33      1.00      0.50         1
          12       0.50      1.00      0.67         1
          13       0.25      1.00      0.40         1
          14       0.00      0.00      0.00         1

   micro avg       0.53      0.53      0.53        15
   macro avg       0.37      0.53      0.42        15
weighted avg       0.37      0.53      0.42        15
