              precision    recall  f1-score   support

           0       1.00      1.00      1.00         1
           1       1.00      0.50      0.67         2
           2       1.00      0.50      0.67         2
           3       0.50      1.00      0.67         1
           4       0.50      1.00      0.67         1
           5       0.50      1.00      0.67         2
           6       0.00      0.00      0.00         1
           7       1.00      1.00      1.00         3
           8       1.00      1.00      1.00         3
           9       1.00      0.67      0.80         3
          10       0.50      0.50      0.50         2
          11       0.50      1.00      0.67         1
          12       1.00      0.67      0.80         3
          13       1.00      0.60      0.75         5
          14       0.00      0.00      0.00         0

   micro avg       0.73      0.73      0.73        30
   macro avg       0.70      0.70      0.66        30
weighted avg       0.85      0.73      0.75        30
