              precision    recall  f1-score   support

           0       1.00      0.50      0.67         2
           1       0.00      0.00      0.00         2
           2       1.00      1.00      1.00         2
           3       0.00      0.00      0.00         2
           4       1.00      0.50      0.67         2
           5       1.00      0.50      0.67         2
           6       0.50      0.50      0.50         2
           7       0.00      0.00      0.00         2
           8       0.67      1.00      0.80         2
           9       0.00      0.00      0.00         2
          10       0.67      1.00      0.80         2
          11       0.33      0.50      0.40         2
          12       1.00      0.50      0.67         2
          13       0.40      1.00      0.57         2
          14       0.67      1.00      0.80         2

   micro avg       0.53      0.53      0.53        30
   macro avg       0.55      0.53      0.50        30
weighted avg       0.55      0.53      0.50        30
