              precision    recall  f1-score   support

           0       0.17      0.67      0.27         3
           1       0.00      0.00      0.00         3
           2       0.00      0.00      0.00         3
           3       0.00      0.00      0.00         3
           4       0.50      0.67      0.57         3
           5       0.00      0.00      0.00         3
           6       0.00      0.00      0.00         3
           7       0.00      0.00      0.00         3
           8       0.00      0.00      0.00         3
           9       0.00      0.00      0.00         3
          10       0.00      0.00      0.00         3
          11       0.00      0.00      0.00         3
          12       0.00      0.00      0.00         3
          13       0.50      0.33      0.40         3
          14       0.29      0.67      0.40         3

   micro avg       0.16      0.16      0.16        45
   macro avg       0.10      0.16      0.11        45
weighted avg       0.10      0.16      0.11        45
