              precision    recall  f1-score   support

           0       0.67      0.67      0.67         3
           1       1.00      0.33      0.50         3
           2       0.00      0.00      0.00         0
           3       0.50      0.67      0.57         3
           4       0.50      1.00      0.67         1
           5       0.67      1.00      0.80         2
           6       0.25      0.50      0.33         2
           7       1.00      1.00      1.00         2
           8       1.00      0.33      0.50         3
           9       1.00      1.00      1.00         3
          10       1.00      1.00      1.00         1
          11       0.00      0.00      0.00         4
          12       1.00      1.00      1.00         2
          13       0.00      0.00      0.00         1
          14       0.00      0.00      0.00         0

   micro avg       0.60      0.60      0.60        30
   macro avg       0.57      0.57      0.54        30
weighted avg       0.66      0.60      0.59        30
