              precision    recall  f1-score   support

           0       0.00      0.00      0.00         2
           1       0.00      0.00      0.00         2
           2       0.00      0.00      0.00         2
           3       1.00      0.50      0.67         2
           4       0.50      1.00      0.67         2
           5       0.00      0.00      0.00         2
           6       0.00      0.00      0.00         2
           7       0.33      0.50      0.40         2
           8       0.00      0.00      0.00         2
           9       0.33      0.50      0.40         2
          10       0.00      0.00      0.00         2
          11       0.50      1.00      0.67         2
          12       1.00      0.50      0.67         2
          13       0.50      1.00      0.67         2
          14       0.00      0.00      0.00         2

   micro avg       0.33      0.33      0.33        30
   macro avg       0.28      0.33      0.28        30
weighted avg       0.28      0.33      0.28        30
