              precision    recall  f1-score   support

           0       0.00      0.00      0.00         1
           1       1.00      0.67      0.80         3
           2       0.00      0.00      0.00         0
           3       0.40      0.67      0.50         3
           4       1.00      1.00      1.00         2
           5       1.00      0.50      0.67         2
           6       0.00      0.00      0.00         2
           7       0.50      1.00      0.67         1
           8       0.67      0.40      0.50         5
           9       1.00      1.00      1.00         2
          10       0.75      0.75      0.75         4
          11       1.00      0.50      0.67         2
          12       0.00      0.00      0.00         1
          13       0.50      1.00      0.67         1
          14       0.00      0.00      0.00         1

   micro avg       0.57      0.57      0.57        30
   macro avg       0.52      0.50      0.48        30
weighted avg       0.65      0.57      0.58        30
