              precision    recall  f1-score   support

           0       0.00      0.00      0.00         2
           1       0.67      0.67      0.67         3
           2       1.00      1.00      1.00         2
           3       1.00      0.50      0.67         2
           4       0.00      0.00      0.00         1
           5       1.00      0.50      0.67         2
           6       1.00      0.50      0.67         2
           7       0.80      0.80      0.80         5
           8       0.33      0.50      0.40         2
           9       1.00      1.00      1.00         1
          10       0.00      0.00      0.00         1
          11       0.67      0.67      0.67         3
          12       0.00      0.00      0.00         1
          13       0.25      0.50      0.33         2
          14       0.00      0.00      0.00         1

   micro avg       0.53      0.53      0.53        30
   macro avg       0.51      0.44      0.46        30
weighted avg       0.61      0.53      0.55        30
