              precision    recall  f1-score   support

           0       0.00      0.00      0.00         1
           1       1.00      0.33      0.50         3
           2       0.00      0.00      0.00         2
           3       0.40      1.00      0.57         2
           4       0.60      0.60      0.60         5
           5       0.00      0.00      0.00         1
           6       0.00      0.00      0.00         1
           7       0.25      1.00      0.40         1
           8       1.00      1.00      1.00         1
           9       0.67      0.50      0.57         4
          10       1.00      1.00      1.00         2
          11       0.00      0.00      0.00         3
          12       0.50      1.00      0.67         1
          13       1.00      1.00      1.00         1
          14       0.00      0.00      0.00         2

   micro avg       0.47      0.47      0.47        30
   macro avg       0.43      0.50      0.42        30
weighted avg       0.47      0.47      0.43        30
