              precision    recall  f1-score   support

           0       1.00      0.67      0.80         3
           1       0.00      0.00      0.00         3
           2       0.00      0.00      0.00         3
           3       0.00      0.00      0.00         3
           4       0.00      0.00      0.00         3
           5       0.00      0.00      0.00         3
           6       0.00      0.00      0.00         3
           7       0.20      0.33      0.25         3
           8       0.00      0.00      0.00         3
           9       0.38      1.00      0.55         3
          10       0.60      1.00      0.75         3
          11       0.00      0.00      0.00         3
          12       0.33      0.67      0.44         3
          13       0.00      0.00      0.00         3
          14       0.00      0.00      0.00         3

   micro avg       0.24      0.24      0.24        45
   macro avg       0.17      0.24      0.19        45
weighted avg       0.17      0.24      0.19        45
