              precision    recall  f1-score   support

           0       1.00      0.33      0.50         3
           1       0.50      0.67      0.57         3
           2       0.00      0.00      0.00         0
           3       1.00      1.00      1.00         1
           4       0.00      0.00      0.00         0
           5       0.50      0.33      0.40         3
           6       1.00      1.00      1.00         2
           7       0.00      0.00      0.00         1
           8       0.00      0.00      0.00         1
           9       0.33      0.33      0.33         3
          10       0.50      0.50      0.50         2
          11       0.50      0.50      0.50         2
          12       0.50      0.67      0.57         3
          13       0.00      0.00      0.00         5
          14       1.00      1.00      1.00         1

   micro avg       0.43      0.43      0.43        30
   macro avg       0.46      0.42      0.43        30
weighted avg       0.48      0.43      0.44        30
