              precision    recall  f1-score   support

           0       0.00      0.00      0.00         2
           1       0.00      0.00      0.00         2
           2       0.00      0.00      0.00         2
           3       0.00      0.00      0.00         2
           4       1.00      0.50      0.67         2
           5       0.00      0.00      0.00         2
           6       0.33      0.50      0.40         2
           7       0.20      0.50      0.29         2
           8       0.00      0.00      0.00         2
           9       1.00      0.50      0.67         2
          10       1.00      0.50      0.67         2
          11       1.00      0.50      0.67         2
          12       0.00      0.00      0.00         2
          13       1.00      0.50      0.67         2
          14       0.00      0.00      0.00         2

   micro avg       0.23      0.23      0.23        30
   macro avg       0.37      0.23      0.27        30
weighted avg       0.37      0.23      0.27        30
