              precision    recall  f1-score   support

           0       0.50      0.50      0.50         2
           1       0.00      0.00      0.00         1
           2       0.00      0.00      0.00         0
           3       1.00      0.17      0.29         6
           4       0.25      1.00      0.40         1
           5       0.50      0.67      0.57         3
           6       0.00      0.00      0.00         0
           7       0.40      1.00      0.57         2
           8       0.00      0.00      0.00         2
           9       1.00      0.50      0.67         2
          10       0.00      0.00      0.00         1
          11       1.00      1.00      1.00         2
          12       0.00      0.00      0.00         3
          13       0.00      0.00      0.00         1
          14       1.00      0.50      0.67         4

   micro avg       0.40      0.40      0.40        30
   macro avg       0.38      0.36      0.31        30
weighted avg       0.59      0.40      0.40        30
