              precision    recall  f1-score   support

           0       0.00      0.00      0.00         0
           1       1.00      1.00      1.00         1
           2       1.00      1.00      1.00         3
           3       0.40      1.00      0.57         2
           4       0.00      0.00      0.00         2
           5       1.00      0.67      0.80         3
           6       0.75      0.50      0.60         6
           7       0.00      0.00      0.00         1
           8       0.00      0.00      0.00         1
           9       0.60      0.75      0.67         4
          10       0.00      0.00      0.00         0
          11       0.00      0.00      0.00         2
          12       0.00      0.00      0.00         3
          13       1.00      1.00      1.00         1
          14       0.33      1.00      0.50         1

   micro avg       0.53      0.53      0.53        30
   macro avg       0.41      0.46      0.41        30
weighted avg       0.53      0.53      0.51        30
